1742 2104
1743 1920
1744 1921
1745 2101
1746 2131
1747 2103
1748 2128
1749 2127
1752 2093
1753 2124
1755 1919
1756 1918
1757 2129
1758 2123
1759 2122
1760 2094
1761 2130
1762 1916
1763 1914
1764 2121
1765 2119
1766 2095
1767 2097
1768 2108
1769 2118
1770 2120
1771 2114
1772 2109
1773 2111
1774 2116
1775 2117
1776 2115
1777 1906
1780 2085
1781 2086
1782 2083
1783 2089
1784 2078
1785 2090
1786 2091
1787 2098
1788 2099
1789 2107
1790 2110
1791 1903
1792 1902
1793 1912
1794 1911
1795 1909
1796 1905
1797 1904
1798 2113
1799 1907
1800 2112
1801 1908
1802 2106
1803 1910
1804 2100
1805 2092
1806 2079
1807 2077
1808 1913
1809 2088
1810 1915
1811 1917
1812 1923
1813 2096
1814 2082
1815 2081
1816 2080
1818 2102
1819 1922
1823 2087
1824 1924
1737 1572
1738 1571
1739 2105
1740 1569
1741 2126
1750 2125
1751 1570
1754 1567
1778 1575
1779 1576
1817 2084
1820 1574
1821 1573
1822 1565
1825 1566
1826 1568
1901 1900
1955 2149
1956 2151
1957 2150
1958 2152
1959 2176
1971 2191
1972 2193
1973 2194
1974 2192
1975 2190
1982 2204
1983 2197
1984 2202
1985 2201
1986 2200
1987 2179
1990 2203
1991 2180
1992 2177
2004 1564
1934 2145
1954 2183
1961 2178
1962 2156
1963 2157
1964 2139
1965 2159
1968 2182
1969 2187
1970 2196
1978 2188
1980 2158
1981 2199
1988 2198
1993 2195
1994 2185
1995 2153
1996 2173
1997 2174
1998 2170
2000 2138
2001 2143
2003 2144
1610 1707
1611 1708
1612 1715
1613 1719
1616 1710
1622 1706
1623 1714
1624 1718
1632 1695
1633 1696
1634 1716
1635 1717
1636 1712
1637 1713
1638 1698
1639 1697
1649 1727
1650 1724
1652 1731
1653 1729
1654 1733
1925 2210
1926 2209
1927 2165
1928 2171
1929 2166
1930 2172
1931 2167
1932 2169
1933 2168
1935 2146
1936 2133
1937 2132
1938 2140
1939 2134
1940 2163
1941 2141
1942 2164
1943 2206
1944 2208
1945 2207
1946 2148
1947 2147
1948 2137
1949 2136
1950 2135
1951 2205
1952 2186
1953 2184
2211 2212
1607 1685
1608 1684
1609 1699
1614 1700
1615 1709
1617 1711
1618 1701
1621 1682
1627 1703
1628 1705
1644 1730
1645 1726
1651 1728
1404 1406
1404 1657
1580 1667
1582 1668
1583 1672
1586 1671
1587 1663
1590 1678
1591 1679
1593 1670
1594 1669
1597 1691
1599 1690
1600 1704
1602 1702
1603 1688
1604 1687
1605 1686
1606 1625
1619 1681
1620 1683
1643 1732
1655 1662
1659 1406
1659 1657
355 439
357 438
448 447
453 441
454 443
455 445
456 444
458 451
459 442
460 450
461 440
462 449
683 583
684 582
716 623
717 627
719 629
1373 1392
1375 1390
1376 1391
1377 1393
1378 1411
1379 1413
1380 1409
1381 1415
1382 1414
1383 1416
1385 1394
1386 1395
1387 1389
1400 1412
1401 1410
1403 1407
1403 1664
1579 1407
1579 1664
1 1371
356 428
358 429
359 354
360 434
361 430
362 427
363 422
364 426
365 423
366 424
367 420
368 425
370 435
371 436
372 433
373 431
374 421
375 432
376 437
377 416
378 411
379 417
463 352
464 353
496 562
497 667
498 666
499 563
500 567
501 568
506 510
548 560
549 564
550 565
551 561
552 558
556 566
591 596
593 592
594 595
608 620
614 599
615 600
616 597
617 598
632 514
634 605
636 607
637 606
638 520
639 601
650 581
653 579
654 580
655 652
656 651
660 469
661 470
662 467
675 522
676 521
677 518
678 523
679 519
680 515
681 517
682 516
695 694
696 693
697 709
698 710
714 624
718 626
720 628
1255 1367
1257 1361
1258 351
1259 1360
1260 1372
1261 1370
1262 1369
1263 1368
1384 1349
1452 1306
1495 1341
1504 1342
1507 1343
1509 1347
1543 1312
1546 1427
1547 1423
1548 1439
1549 1425
1550 1438
1551 1437
1552 1436
1553 1424
1554 1435
1555 1434
1556 1422
1557 1433
1558 1430
1559 1432
1560 1431
1561 1428
1562 1429
1563 1426
2246 2245
2247 2243
2248 2241
2670 2671
2672 2673
2802 2784
2804 2782
2805 2783
2825 2823
2826 2824
2827 2830
2828 2829
2871 2847
2872 2845
2873 2844
2875 2850
2878 2846
2891 2881
2903 2792
2907 2790
2908 2791
59 16
60 24
61 15
62 19
63 55
64 20
65 21
66 22
67 37
68 23
69 17
70 6
71 2
72 5
73 3
74 7
75 14
76 25
77 38
78 45
79 46
80 48
81 54
82 50
83 4
84 26
85 13
86 12
87 8
88 51
89 49
90 53
91 52
92 42
93 43
94 28
95 29
96 11
97 10
98 9
99 58
100 41
101 27
102 40
103 39
104 44
105 47
106 56
107 57
108 31
109 32
110 30
111 34
112 35
113 36
114 33
115 137
116 134
117 133
118 132
119 136
120 138
121 147
122 18
123 146
124 145
125 144
126 143
127 142
128 141
129 135
130 140
131 139
148 149
150 153
154 156
157 166
167 169
203 158
204 160
206 162
207 163
208 151
227 152
228 164
229 155
230 165
270 283
272 277
274 284
280 285
281 282
314 286
327 325
328 324
329 326
330 337
331 339
332 338
333 336
346 342
348 340
369 419
381 405
382 404
384 407
385 402
386 403
387 409
391 413
393 401
394 398
395 397
465 587
466 588
489 478
494 545
504 712
508 669
553 559
613 479
640 642
643 644
657 474
658 473
659 472
663 476
665 477
692 674
1245 1365
1249 1539
1250 1537
1251 1538
1252 1536
1253 1535
1254 1362
1418 1545
1419 1544
1420 1298
1421 1533
1446 1295
1447 1311
1460 1296
1477 1300
1478 1339
1479 1299
1494 1340
1540 1532
1541 1534
1542 1297
2265 2382
2266 2574
2267 2381
2268 2575
2269 2576
2270 2380
2271 2379
2272 2577
2273 2566
2274 2378
2275 2377
2276 2567
2277 2568
2278 2376
2279 2374
2280 2569
2281 2373
2282 2570
2283 2385
2284 2571
2285 2572
2286 2384
2287 2383
2288 2573
2386 2375
2862 2869
3151 3152
3274 3273
3276 3275
3278 3283
3316 3158
3316 3283
3355 3356
3363 3360
3364 3358
3365 3400
3366 3399
3367 3398
3368 3397
3369 3395
3371 3393
3372 3394
3373 3392
3374 3391
3375 3389
3376 3390
3381 3407
3383 3405
3384 3406
3385 3402
3386 3404
3387 3401
3388 3403
198 175
199 170
205 161
212 182
215 181
216 180
217 179
243 231
245 233
247 232
248 241
249 240
257 238
258 237
259 239
261 260
262 236
263 251
264 253
265 252
268 250
269 279
273 278
317 288
318 290
3377 3411
3378 3409
3380 3410
3382 3408
1966 2161
1967 2162
1976 2189
1977 2181
1979 2160
1631 1720
1640 1721
1647 1722
1648 1723
1629 1693
1630 1694
1641 1677
1642 1676
1646 1725
920 1218
1577 1665
1581 1673
1588 1675
1589 1674
1598 1692
1402 1408
1402 1666
1578 1408
1578 1666
2892 2882
609 619
610 618
633 603
635 604
672 645
715 625
1461 1280
1462 1305
1463 1281
1464 1282
1465 1284
1466 1285
1480 1276
1481 1278
1481 2031
1482 1277
1483 1279
1484 1283
1484 2076
1485 1286
1496 1322
1497 1320
1498 1321
1500 1333
1500 2071
1502 1332
1505 1336
1506 1335
1508 1346
1510 1358
1513 1355
1514 1345
1515 1334
1516 1330
1517 1331
1518 1337
1519 1324
1520 1329
1521 1325
1522 1323
1523 1326
1524 1327
1525 1328
1526 1344
1527 1352
1528 1351
1529 1350
1530 1353
1531 1354
1839 2069
1865 2066
1866 2070
1874 1333
1874 2071
1886 2033
1896 2034
2678 2694
2679 2693
2680 2696
2681 2695
2803 2785
2806 2787
2807 2789
2874 2851
2876 2849
2877 2848
2893 2879
2894 2880
2895 2883
2896 2884
2897 2886
2898 2885
2899 2887
2900 2888
2901 2890
2902 2889
2904 2793
2905 2786
2906 2788
484 547
502 713
503 668
507 602
1442 1293
1443 1292
1444 1294
1445 1267
1448 1310
1449 1313
1450 1309
1451 1314
1453 1307
1458 1268
1459 1317
1467 1288
1474 1316
1475 1301
1476 1302
1486 1287
1486 2074
1487 1265
1488 1264
1488 2073
1489 1273
1489 2072
1492 1303
1493 1338
1499 1319
1501 1318
1503 1304
1870 2037
1871 2065
1872 1264
1872 2073
1873 1273
1873 2072
1876 1265
1877 2035
1895 1287
1895 2074
1832 2052
1833 2017
1836 2051
1837 2075
1841 2067
1842 2050
1843 2048
1844 2049
1845 2056
1848 2068
1849 2046
1850 2047
1878 2028
1879 2023
1883 2012
1884 2024
1885 2027
1888 2025
1889 2011
1893 2008
1894 2016
1851 2045
1852 2058
1859 2042
1861 2064
1862 2061
1863 2044
1864 2039
1867 2043
1868 2030
1869 2038
1875 2036
1880 2029
1827 2018
1828 2054
1829 2006
1830 1735
1831 2053
1835 2055
1881 2020
1882 2019
1890 2014
1891 2013
1892 2009
1897 2007
1898 2005
1899 2010
2213 1736
1834 1734
1846 2057
1847 2059
1853 2060
1854 2062
1855 2021
1856 2040
1857 2022
1858 2041
1860 2063
